

Multi Layer Perceptron
Classification task: emotion

Confusion Matrix
[[ 985   40    9    7   31    9    0   10    2    5   16    4    2   24
     2   81    0   42  117    0  687   24    3    2    0    0    1   31]
 [  38  542    9    5    7    0    3    8    0    0    9    3    3    4
     3   17    0   37   14    0  506    4    0    0    0    2    1   18]
 [   8   18  229   45    2    1    2   13    0    4   21   23    0    2
     8    3    1    6    3    0  651    2    0    0    0    5    7    8]
 [  28   37  101   75   11    5    5   18    4   12   46   26    4    1
    11   18    1    8   18    1 1226    4    0    0    0    4   14   10]
 [ 111   47   14   10  129   15    9   12   14    4   42    6    1    4
     5   25    1   24   58    2 1639   24    0    1    0    6   11   12]
 [  18    7    8    3    2   80    2    5    5    4    2    2    0    0
     0   12    0   12   11    1  442   33    0    0    0    9   10    1]
 [  12   18    7    9   15    1   73   55    1    2   30    1    0    0
     4    8    0    5    8    0  691    2    0    2    0    2    3   16]
 [  21    8   12    8    4    2   26  206    2    1   10    1    3    5
     4    9    0    6   13    0  780    5    0    1    0    0    2   14]
 [   9    5    3    0    7    2    1    8   81    2    0    1    0    2
     2    3    0    5   23    0  255   27    0    0    0    1    1    1]
 [  13   18   17   16    8    3    3   10    3   42   28   13    2    2
    11    6    1    3   14    0  688    6    0    0    0   13   38   12]
 [  20   28   28   24   21    4   14   12    2    9  151   13    3    1
     6   11    0    5   13    0 1131    4    0    3    0    9   17    8]
 [  12    8   41   17    1    0    1    2    0    3   13   91    4    1
     9    2    0    1    2    0  368    1    0    0    0    0    5    3]
 [   3    4    7    4    2    1    1    5    0    4    9    3   29    0
     2    2    1    3    7    1  198    1    0    3    0    6    4    3]
 [  53   18    7    3    7    0    3   15    1    0    3    0    0   59
     1   11    1   30   19    1  337    6    0    1    0    0    2   19]
 [   4    4    4    3    1    2    1    0    0    2    2    6    1    0
   100    0    1    0    2    3  176    2    0    1    0    0    1    1]
 [  80    8    2    0    1   10    1    5    3    1    5    0    0    7
     0 1043    0   31   15    0  168   12    0    2    0    9    4    2]
 [   1    0    2    0    0    2    0    0    0    0    0    1    0    0
     3    2    1    0    0    0   38    0    0    0    0    1    6    1]
 [  69   85    4    1    7    3    2    4    5    0    3    0    0   14
     4   37    0  173   60    0  320    5    1    0    2    1    6    8]
 [  66   18    4    0    7    3    0    4    2    0    3    1    0    3
     1    7    0   18  644    0  212    7    0    0    0    0    2    2]
 [   2    2    1    1    1    2    1    0    0    5    1    0    0    0
    11    1    0    2    0   15  133    1    0    0    0    2    5    1]
 [ 265  203  119   63  107   69   41  173   34   34  224   33   13   40
    52   84    4   73  141    4 9091   50    1   12    3   27   47   60]
 [  36   14    1    1    9   16    4    2   14    4   13    0    0    4
     2   23    0   16   17    0  530  197    0    0    0    1    6    4]
 [  26    2    1    0    2    0    0    0    0    2    2    1    0    0
     0    5    0    8    2    0   98    2    5    0    0    0    1    0]
 [  22   21    9    3    8    4    5    8    2    5   19    4    1    0
     4    6    0    3   10    0  787    6    0   15    0    4    3   23]
 [  14    2    0    0    4    4    1    1    0    3    2    0    0    0
     1   12    0   11    4    0   92    0    0    1    2    0    0    2]
 [   3    7    2    0    1    3    0    1    2    2    5    2    3    0
     0    8    2    1    0    1  113    2    0    0    0  101   12    1]
 [   7   11   13    8    4    5    2    3    4   26   21    3    4    2
     9    7    3    4    9    1  451    7    0    2    0   60  127    2]
 [  35   14    9    2    3    3    2   15    0    0    6    5    0   12
     3    3    0    7    5    1  431    2    0    1    0    1    0  131]]

Classification Report
              precision    recall  f1-score   support

           0       0.50      0.46      0.48      2134
           1       0.46      0.44      0.45      1233
           2       0.35      0.22      0.27      1062
           3       0.24      0.04      0.08      1688
           4       0.32      0.06      0.10      2226
           5       0.32      0.12      0.17       669
           6       0.36      0.08      0.12       965
           7       0.35      0.18      0.24      1143
           8       0.45      0.18      0.26       439
           9       0.24      0.04      0.07       970
          10       0.22      0.10      0.14      1537
          11       0.37      0.16      0.22       585
          12       0.40      0.10      0.15       303
          13       0.32      0.10      0.15       597
          14       0.39      0.32      0.35       317
          15       0.72      0.74      0.73      1409
          16       0.06      0.02      0.03        58
          17       0.32      0.21      0.26       814
          18       0.52      0.64      0.58      1004
          19       0.48      0.08      0.14       187
          20       0.41      0.82      0.55     11067
          21       0.45      0.22      0.29       914
          22       0.50      0.03      0.06       157
          23       0.32      0.02      0.03       972
          24       0.29      0.01      0.02       156
          25       0.38      0.37      0.38       272
          26       0.38      0.16      0.22       795
          27       0.33      0.19      0.24       691

    accuracy                           0.42     34364
   macro avg       0.37      0.22      0.24     34364
weighted avg       0.39      0.42      0.35     34364


Multi Layer Perceptron
Classification task: sentiment

Confusion Matrix
[[1051  662 1283  775]
 [ 344 4038 2062 1330]
 [ 761 2122 5336 2848]
 [ 341 1092 2179 8140]]

Classification Report
              precision    recall  f1-score   support

           0       0.42      0.28      0.34      3771
           1       0.51      0.52      0.51      7774
           2       0.49      0.48      0.49     11067
           3       0.62      0.69      0.66     11752

    accuracy                           0.54     34364
   macro avg       0.51      0.49      0.50     34364
weighted avg       0.53      0.54      0.53     34364
