Top-Multinomial Naive Bayes
Classification task: sentiment

Confusion Matrix
[[1414  622 1093  642]
 [ 503 4647 1699  925]
 [1060 2213 5198 2596]
 [ 477 1059 1981 8235]]

Classification Report
              precision    recall  f1-score   support

           0       0.41      0.37      0.39      3771
           1       0.54      0.60      0.57      7774
           2       0.52      0.47      0.49     11067
           3       0.66      0.70      0.68     11752

    accuracy                           0.57     34364
   macro avg       0.53      0.54      0.53     34364
weighted avg       0.56      0.57      0.56     34364
Top-Multinomial Naive Bayes
Classification task: emotion

Confusion Matrix
[[1189   25   11   41  119    7    4   14    4    8   18    3    1   16
     2   70    0   43   68    0  425   28    0   13    0    0    2   23]
 [  53  576   11   41   31    2    6    8    1    4   27    2    2    9
     0   18    0   33   11    0  358    8    0   11    0    0    8   13]
 [  14   17  251  155   35    4    8   19    1   15   40   20    1    4
     3    4    0    3    1    0  430    3    0    9    0    1   11   13]
 [  40   38  119  285  100   10   26   28    6   41  116   38    1    6
     2    5    0    8    9    0  720   16    0   22    0    4   28   20]
 [ 148   25   24   98  526   32   26   24   13   26   81    7    1    9
     5   29    0   24   34    0 1009   32    0   30    0    2   14    7]
 [  23    6    9   23   55  107    4    9    2    9   18    2    0    0
     1   20    1    8    4    0  299   41    0    5    0    6   15    2]
 [  14   18   11   28   28    3  199  102    0    5   31    2    0    0
     1    7    0    1   10    0  463   10    0   17    0    1    0   14]
 [  21   12    6   37   38    6   73  350    2    9   19    1    1    8
     1   10    0    2    7    0  509    6    1    8    0    0    4   12]
 [  13    9    2   13   25    6    4    9   61    8    7    1    0    1
     0    4    0    6   14    0  215   33    0    5    0    0    0    3]
 [  21   11   23   72   61    8    9    9    1  129   67   12    1    0
     5    7    0    3    5    0  434   10    0   16    0    1   55   10]
 [  26   19   28  112  106    6   42   14    0   31  377   19    3    3
     2   11    0    6    3    0  667   16    0   23    0    2   18    3]
 [  18   14   50   86   27    2    3    2    0   15   48  108    0    1
     8    3    0    1    1    0  175    7    0    4    0    0    8    4]
 [   7    6    8   36   17    3    8    3    0   11   18    6   13    1
     1    2    0    1    2    0  143    3    0    7    0    1    4    2]
 [  74   19   12   16   38    2    5   24    1    3    4    1    0   73
     0   11    0   47   10    1  214   10    0    9    0    0    6   17]
 [  12    5    6   22   16    4    0    4    1    7    9    8    0    1
    66    1    0    0    0    1  135    3    0    7    0    0    7    2]
 [  89    8    1    7   22   10    4    6    1    6    5    0    0    1
     0 1060    0   40    6    0  111   19    0    2    0    7    3    1]
 [   2    0    2    2    5    0    0    1    0    1    1    0    0    0
     2    3    0    0    0    0   23    0    0    2    0    2   10    2]
 [ 100   84    2   14   42    7    1    6    3    4    6    0    0   12
     4   25    0  206   47    0  226   10    0    7    0    1    4    3]
 [ 103   17    1    5   32    6    4    4    3    1    6    0    0    0
     0    7    0   28  534    0  231   10    0    5    0    0    2    5]
 [   3    1    4   14   14    8    2    5    0   15    7    0    1    0
     8    1    0    6    0    6   77    4    0    1    0    0    7    3]
 [ 479  214  186  474  778  152  200  297   34  165  526   61   14   55
    35   96    3  118   95    3 6508  166    1  198    3    8  106   92]
 [  53    9    1   22   82   23   12   11   19    5   19    1    0    1
     2   15    0   14    9    0  359  241    0    9    0    0    2    5]
 [  38    4    1    6   15    1    2    2    0    3    5    1    0    1
     1    4    0    8    1    0   52    6    3    2    0    0    1    0]
 [  36   29   10   38  102   10   14    8    3   15   46    2    0    1
     3    9    0    7    7    0  495   10    0  106    0    3    8   10]
 [  23    2    1    4   18   10    1    3    0    3    0    0    0    0
     0   10    0   13    3    0   59    0    0    1    4    0    0    1]
 [   2    4    2   13   17    6    7    5    1   15    7    0    1    0
     0   14    0    0    1    0   88    2    0    2    0   53   31    1]
 [  19    8    6   43   45   10   10    5    5   51   46    8    2    2
     4    9    0    6    4    0  273    2    0   17    0   30  187    3]
 [  52   11   16   20   27    2   15   31    0   11   20    3    0   12
     6    2    0    4    2    0  294    6    0   13    0    0    4  140]]

Classification Report
              precision    recall  f1-score   support

           0       0.44      0.56      0.49      2134
           1       0.48      0.47      0.48      1233
           2       0.31      0.24      0.27      1062
           3       0.17      0.17      0.17      1688
           4       0.22      0.24      0.23      2226
           5       0.24      0.16      0.19       669
           6       0.29      0.21      0.24       965
           7       0.35      0.31      0.33      1143
           8       0.38      0.14      0.20       439
           9       0.21      0.13      0.16       970
          10       0.24      0.25      0.24      1537
          11       0.35      0.18      0.24       585
          12       0.31      0.04      0.08       303
          13       0.34      0.12      0.18       597
          14       0.41      0.21      0.28       317
          15       0.73      0.75      0.74      1409
          16       0.00      0.00      0.00        58
          17       0.32      0.25      0.28       814
          18       0.60      0.53      0.56      1004
          19       0.55      0.03      0.06       187
          20       0.43      0.59      0.50     11067
          21       0.34      0.26      0.30       914
          22       0.60      0.02      0.04       157
          23       0.19      0.11      0.14       972
          24       0.57      0.03      0.05       156
          25       0.43      0.19      0.27       272
          26       0.34      0.24      0.28       795
          27       0.34      0.20      0.25       691

    accuracy                           0.39     34364
   macro avg       0.36      0.24      0.26     34364
weighted avg       0.38      0.39      0.37     34364
Top-Multinomial Naive Bayes using TfidfTransformer
Classification task: sentiment
Using TfidfTransformer

Confusion Matrix
[[1709  533  942  587]
 [ 759 4465 1660  890]
 [1435 2192 5057 2383]
 [ 736 1099 2113 7804]]

Classification Report
              precision    recall  f1-score   support

           0       0.37      0.45      0.41      3771
           1       0.54      0.57      0.56      7774
           2       0.52      0.46      0.49     11067
           3       0.67      0.66      0.67     11752

    accuracy                           0.55     34364
   macro avg       0.52      0.54      0.53     34364
weighted avg       0.56      0.55      0.55     34364
Top-Multinomial Naive Bayes using TfidfTransformer
Classification task: emotion
Using TfidfTransformer

Confusion Matrix
[[1021   34   16   31   96   28   13   16   16   16   23   16    6   86
     8   73    3   74  115    3  263   51   28   36   12    2    5   43]
 [  36  587   16   41   25    6   11   14   16   11   21   11    8   34
     9   12    2   82   14    1  195   15    4   20    1    5   14   22]
 [   4   17  335  122   30   13   19   32   10   35   43   63    9   10
    11    2    9    8    1    6  187    9    7   29    4    8   17   22]
 [  31   45  179  261   71   28   58   47   20   80  110  100   48   21
    21    7   11   18   20   12  314   25    6   49    5   20   47   34]
 [ 123   35   39   66  452   86   56   49   55   52   86   31   20   51
    18   27    4   52   62   14  542   79   26   93   32   14   31   31]
 [  12    8   17   21   36  197    7   11   16   19   16    3    6    6
     5   11    8   19   13   10  120   40    3    9   13   16   22    5]
 [  12   17   21   24   17   11  297  131   10   18   40   11   10   10
     6    6    4    1   13    9  208    9    1   31    5    6    8   29]
 [  14   13   19   25   21   10  127  439   12   10   19   12   10   30
    17    7    1    6   10    2  242   11    7   14    6    5    5   49]
 [   8   10    4    9   21   10    7   11  140    6    7    1    5   21
     1    4    2    7   15    2   89   33    3    6    4    4    5    4]
 [  11   15   37   63   29   25   15   12   11  159   63   42   21    6
    20    4    4   10    9   21  191   11    7   34   10   19   91   30]
 [  21   24   51   77   61   22   73   18   10   81  385   58   31   14
    19   11    7   12    6   15  353   34    5   60    4   22   45   18]
 [   6    9   51   57   15    2   10    7    3   23   34  171   21    7
    31    2    2    3    2    6   80    5    0   13    2    4   12    7]
 [   6    4   10   22   14    5   12    5    2   17    9   16   59    3
     4    0    4    1    3    7   56    4    3    5    2   12    9    9]
 [  48   23   16    8   16    5    5   27   10    4    6    6    3  148
     1    8    0   46   19    6  118   14    4   13    4    1    5   33]
 [   3    5    8   10    8    6    1    2    2    9   10   17    6    2
   140    1    3    0    0   18   46    0    0    6    1    1    8    4]
 [  78   16    6   10   13   21    5    6    8    4    6    1    3   14
     2  966    0   38   10    1  123   24    7    6   18   17    4    2]
 [   2    0    1    1    1    1    0    0    2    1    1    1    3    0
     4    1    8    0    0    1    9    1    2    3    0    4    9    2]
 [  69   85    7    6   21   16    2   11   10    8    4    4    5   46
     8   24    3  242   62    1  114   13    9   10   17    3    5    9]
 [  73   18    1    8   28   16    5    5   13   10    5    4    3   18
     1   10    2   32  591    1  130   10    2    5    1    3    5    4]
 [   2    1    6    8    5   13    3    3    0   11    4    3    6    1
    16    1    1    0    0   45   29    5    0    4    1    2   13    4]
 [ 388  270  309  435  696  286  378  416  212  301  527  209  134  205
   123   85   32  204  136   87 4296  267   69  426   76   78  210  212]
 [  45   12    7   16   38   50   26   12   44   14   22    7    5   21
     9   14    5   25   14    2  171  275    9   24   17    5   13   12]
 [  25    1    2    4    5    2    2    2    3    3    5    2    0    6
     2    4    2   10    0    0   38    7   20    7    4    0    1    0]
 [  25   32   17   33   64   28   29   10   16   36   47    9   14   19
    13   13    6   20    8    5  264   25   11  148    8   19   17   36]
 [  10    1    3    3   10   14    2    1    2    4    2    0    0    3
     0    6    0   18    4    1   21    7    0    5   29    2    4    4]
 [   2    3    3    8    6   10    5    3    3   15    4    3    6    1
     1    4    5    1    1    4   33    1    2    5    0  116   25    2]
 [   7    6   16   21   23   17    7    3   11   73   45   29   17    6
    20    3    7   10    1   14  103    2    3   21    5   77  239    9]
 [  31    8   18   16   26    9   19   30    5   14   21   12   10   38
     8    2    3   12    1    6  126    4    5   19    5    5    5  233]]

Classification Report
              precision    recall  f1-score   support

           0       0.48      0.48      0.48      2134
           1       0.45      0.48      0.46      1233
           2       0.28      0.32      0.29      1062
           3       0.19      0.15      0.17      1688
           4       0.24      0.20      0.22      2226
           5       0.21      0.29      0.25       669
           6       0.25      0.31      0.28       965
           7       0.33      0.38      0.36      1143
           8       0.21      0.32      0.25       439
           9       0.15      0.16      0.16       970
          10       0.25      0.25      0.25      1537
          11       0.20      0.29      0.24       585
          12       0.13      0.19      0.15       303
          13       0.18      0.25      0.21       597
          14       0.27      0.44      0.34       317
          15       0.74      0.69      0.71      1409
          16       0.06      0.14      0.08        58
          17       0.25      0.30      0.27       814
          18       0.52      0.59      0.55      1004
          19       0.15      0.24      0.18       187
          20       0.51      0.39      0.44     11067
          21       0.28      0.30      0.29       914
          22       0.08      0.13      0.10       157
          23       0.13      0.15      0.14       972
          24       0.10      0.19      0.13       156
          25       0.25      0.43      0.31       272
          26       0.27      0.30      0.29       795
          27       0.27      0.34      0.30       691

    accuracy                           0.35     34364
   macro avg       0.27      0.31      0.28     34364
weighted avg       0.37      0.35      0.36     34364
